63
180614 2
403587 9
573428 6
419360 10
161470 7
632823 6
904840 6
403955 1
859163 4
404057 2
50786 6
24409 3
161140 7
553929 5
918189 6
616321 3
370285 5
33960 9
553997 4
384219 3
546545 6
254614 2
777713 5
896932 3
686680 7
96869 10
991768 4
733005 7
129739 8
473659 2
964842 10
437514 1
434972 3
310327 6
376759 3
142614 1
600899 8
67648 4
734108 2
523565 6
204368 10
125288 10
613184 1
88106 8
754337 1
179494 8
238085 4
396998 8
26253 8
846370 4
332231 10
383676 10
81988 4
160294 10
794012 2
477562 2
337035 4
22593 1
679738 2
767703 1
991268 4
767816 8
452118 4
